-15.25 0 950 600 950 600 1 750 0 0 0 0 0 999
-15.25 0 950 246 950 600 1 750 0 0 0 0 0 999
-15.5 0 950 600 950 600 1 99 0 0 0 0 0 999
-15.5 0 950 246 950 600 1 750 0 0 0 0 0 999
-15.75 0 950 600 950 600 1 99 0 0 0 0 0 999
-15.75 0 950 246 950 600 1 750 0 0 0 0 0 999
-16 0 950 600 950 600 1 99 0 0 0 0 0 999
-16 0 950 246 950 600 1 750 0 0 0 0 0 999
-16.25 0 950 600 950 600 1 99 0 0 0 0 0 999
-16.25 0 950 246 950 600 1 750 0 0 0 0 0 999
-16.5 0 950 600 950 600 1 99 0 0 0 0 0 999
-16.5 0 950 246 950 600 1 750 0 0 0 0 0 999
-16.75 0 950 600 950 600 1 99 0 0 0 0 0 999
-16.75 0 950 246 950 600 1 750 0 0 0 0 0 999
-17 0 950 600 950 600 1 99 0 0 0 0 0 999
-17 0 950 246 950 600 1 750 0 0 0 0 0 999
-17.25 0 950 600 950 600 1 99 0 0 0 0 0 999
-17.25 0 950 246 950 600 1 750 0 0 0 0 0 999
-17.5 0 950 600 950 600 1 99 0 0 0 0 0 999
-17.5 0 950 246 950 600 1 750 0 0 0 0 0 999
-17.75 0 950 600 950 600 1 99 0 0 0 0 0 999
-17.75 0 950 246 950 600 1 750 0 0 0 0 0 999
-18 0 950 600 950 600 1 99 0 0 0 0 0 999
-18 0 950 246 950 600 1 750 0 0 0 0 0 999
-18.25 0 950 600 950 600 1 99 0 0 0 0 0 999
-18.25 0 950 246 950 600 1 750 0 0 0 0 0 999
-18.5 0 950 600 950 600 1 99 0 0 0 0 0 999
-18.5 0 950 246 950 600 1 750 0 0 0 0 0 999
-18.75 0 950 600 950 600 1 99 0 0 0 0 0 999
-18.75 0 950 246 950 600 1 750 0 0 0 0 0 999
-19 0 950 600 950 600 1 99 0 0 0 0 0 999
-19 0 950 246 950 600 1 750 0 0 0 0 0 999
-19.25 0 950 600 950 600 1 99 0 0 0 0 0 999
-19.25 0 950 246 950 600 1 750 0 0 0 0 0 999
-19.5 0 950 600 950 600 1 99 0 0 0 0 0 999
-19.5 0 950 246 950 600 1 750 0 0 0 0 0 999
-19.75 0 950 600 950 600 1 99 0 0 0 0 0 999
-19.75 0 950 246 950 600 1 750 0 0 0 0 0 999
-20 0 950 600 950 600 1 99 0 0 0 0 0 999
-20 0 950 246 950 600 1 750 0 0 0 0 0 999
-20.25 0 950 600 950 600 1 99 0 0 0 0 0 999
-20.25 0 950 246 950 600 1 750 0 0 0 0 0 999
-20.5 0 950 600 950 600 1 99 0 0 0 0 0 999
-20.5 0 950 246 950 600 1 750 0 0 0 0 0 999
-20.75 0 950 600 950 600 1 99 0 0 0 0 0 999
-20.75 0 950 246 950 600 1 750 0 0 0 0 0 999
-21 0 950 600 950 600 1 99 0 0 0 0 0 999
-21 0 950 246 950 600 1 750 0 0 0 0 0 999
-21.25 0 950 600 950 600 1 99 0 0 0 0 0 999
-21.25 0 950 246 950 600 1 750 0 0 0 0 0 999
-21.5 0 950 600 950 600 1 99 0 0 0 0 0 999
-21.5 0 950 246 950 600 1 750 0 0 0 0 0 999
-21.75 0 950 600 950 600 1 99 0 0 0 0 0 999
-21.75 0 950 246 950 600 1 750 0 0 0 0 0 999
-22 0 950 600 950 600 1 99 0 0 0 0 0 999
-22 0 950 246 950 600 1 750 0 0 0 0 0 999
-22.25 0 950 600 950 600 1 99 0 0 0 0 0 999
-22.25 0 950 246 950 600 1 750 0 0 0 0 0 999
-22.5 0 950 600 950 600 1 99 0 0 0 0 0 999
-22.5 0 950 246 950 600 1 750 0 0 0 0 0 999
-22.75 0 950 600 950 600 1 99 0 0 0 0 0 999
-22.75 0 950 246 950 600 1 750 0 0 0 0 0 999
-23 0 950 600 950 600 1 99 0 0 0 0 0 999
-23 0 950 246 950 600 1 750 0 0 0 0 0 999
-23.25 0 950 600 950 600 1 99 0 0 0 0 0 999
-23.25 0 950 246 950 600 1 750 0 0 0 0 0 999
-23.5 0 950 600 950 600 1 99 0 0 0 0 0 999
-23.5 0 950 246 950 600 1 750 0 0 0 0 0 999
-23.75 0 950 600 950 600 1 99 0 0 0 0 0 999
-23.75 0 950 246 950 600 1 750 0 0 0 0 0 999
-24 0 950 600 950 600 1 99 0 0 0 0 0 999
-24 0 950 246 950 600 1 750 0 0 0 0 0 999
-24.25 0 950 600 950 600 1 99 0 0 0 0 0 999
-24.25 0 950 246 950 600 1 750 0 0 0 0 0 999
-24.5 0 950 600 950 600 1 99 0 0 0 0 0 999
-24.5 0 950 246 950 600 1 750 0 0 0 0 0 999
-24.75 0 950 600 950 600 1 99 0 0 0 0 0 999
-24.75 0 950 246 950 600 1 750 0 0 0 0 0 999
-25 0 950 600 950 600 1 99 0 0 0 0 0 999
-25 0 950 246 950 600 1 750 0 0 0 0 0 999
-25.25 0 950 600 950 600 1 99 0 0 0 0 0 999
-25.25 0 950 246 950 600 1 750 0 0 0 0 0 999
-25.5 0 950 600 950 600 1 99 0 0 0 0 0 999
-25.5 0 950 246 950 600 1 750 0 0 0 0 0 999
-25.75 0 950 600 950 600 1 99 0 0 0 0 0 999
-25.75 0 950 246 950 600 1 750 0 0 0 0 0 999
-26 0 950 600 950 600 1 99 0 0 0 0 0 999
-26 0 950 246 950 600 1 750 0 0 0 0 0 999
-26.25 0 950 600 950 600 1 99 0 0 0 0 0 999
-26.25 0 950 246 950 600 1 750 0 0 0 0 0 999
-26.5 0 950 600 950 600 1 99 0 0 0 0 0 999
-26.5 0 950 246 950 600 1 750 0 0 0 0 0 999
-26.75 0 950 600 950 600 1 99 0 0 0 0 0 999
-26.75 0 950 246 950 600 1 750 0 0 0 0 0 999
-27 0 950 600 950 600 1 99 0 0 0 0 0 999
-27 0 950 246 950 600 1 750 0 0 0 0 0 999
-27.25 0 950 600 950 600 1 99 0 0 0 0 0 999
-27.25 0 950 246 950 600 1 750 0 0 0 0 0 999
-27.5 0 950 600 950 600 1 99 0 0 0 0 0 999
-27.5 0 950 246 950 600 1 750 0 0 0 0 0 999
-27.75 0 950 600 950 600 1 99 0 0 0 0 0 999
-27.75 0 950 246 950 600 1 750 0 0 0 0 0 999
-28 0 950 600 950 600 1 99 0 0 0 0 0 999
-28 0 950 246 950 600 1 750 0 0 0 0 0 999
-28.25 0 950 600 950 600 1 99 0 0 0 0 0 999
-28.25 0 950 246 950 600 1 750 0 0 0 0 0 999
-28.5 0 950 600 950 600 1 99 0 0 0 0 0 999
-28.5 0 950 246 950 600 1 750 0 0 0 0 0 999
-28.75 0 950 600 950 600 1 99 0 0 0 0 0 999
-28.75 0 950 246 950 600 1 750 0 0 0 0 0 999
-29 0 950 600 950 600 1 99 0 0 0 0 0 999
-29 0 950 246 950 600 1 750 0 0 0 0 0 999
-29.25 0 950 600 950 600 1 99 0 0 0 0 0 999
-29.25 0 950 246 950 600 1 750 0 0 0 0 0 999
-29.5 0 950 600 950 600 1 99 0 0 0 0 0 999
-29.5 0 950 246 950 600 1 750 0 0 0 0 0 999
-29.75 0 950 600 950 600 1 99 0 0 0 0 0 999
-29.75 0 950 246 950 600 1 750 0 0 0 0 0 999
-30 0 950 600 950 600 1 99 0 0 0 0 0 999
-30 0 950 246 950 600 1 750 0 0 0 0 0 999
-30 0 950 600 950 600 1 99 0 0 0 0 0 999
0 0 0 0 0 0 0 0 0 0 0 0 0 0
